x
CR114
2620
3143
LKCGP-P002201-257244-02-04-07-G1
3028
2786
567
3034
2602
2499
1897
3575
LKCGP-P004101-269438-02-04-07-G1
1386
2656
2631
2349
2805
2645
1812
1390
2393
2669
1588
1605
1521
1636
2765
LKCP-T004001-176778-02-06-07-G1
LKCGP-P003702-277041-02-04-07-G1
1259
LKCGP-P002604-272048-02-04-07-G1
2625
2743
2922
1612
2747
408
1646
3506
1596
1635
2792
1570
1717
3090
1833
1846
2446
2762
3570
472
1350
2538
1825
1637
1842
2690
3554
2969
2599
1341
1547
1235
48
950
2719
2539
3542
2043
3567
1280
1364
202
1460
1249
2531
1517
1641
1683
2929
2727
1652
1954
2761
3600
2013
1670
3571
1483
3037
2573
2769
2590
2672
2902
2556
1285
CR52
2568
1378
3494
2664
1520
2462
1693
1382
2744
2045
1733
2923
146
3653
1679
382
2629
2577
3099
1863
3592
3533
2715
2052
1542
3053
CR501
1381
1664
2380
2892
2678
CR334
2576
2942
3545
2423
2409
3540
2617
1522
506
2688
2808
2055
3512
1686
1876
CR528
2571
2553
2535
2693
2073
288
1658
LKCGP-P000807-261064-02-04-07-G1
1465
